1790290714.32 39263 llama-server 0.68
1790290714.83 39263 llama-server 0.97
1790290714.83 40025 llama-server 0.57
1790290714.83 40026 llama-server 0.55
1790290714.83 40027 llama-server 0.57
1790290714.83 40028 llama-server 0.55
1790290714.83 40029 llama-server 0.55
1790290714.83 40030 llama-server 0.55
1790290714.83 40031 llama-server 0.55
1790290714.83 40032 llama-server 0.55
1790290714.83 40033 llama-server 0.55
1790290714.83 40034 llama-server 0.55
1790290714.83 40035 llama-server 0.55
1790290714.83 40036 llama-server 0.55
1790290714.83 40037 llama-server 0.55
1790290714.83 40038 llama-server 0.55
1790290714.83 40039 llama-server 0.55
1790290714.83 40040 llama-server 0.55
1790290714.83 40041 llama-server 0.55
1790290714.83 40042 llama-server 0.55
1790290714.83 40043 llama-server 0.55
1790290714.83 40044 llama-server 0.55
1790290714.83 40045 llama-server 0.55
1790290714.83 40046 llama-server 0.55
1790290714.83 40047 llama-server 0.55
1790290714.83 40048 llama-server 0.55
1790290714.83 40049 llama-server 0.55
1790290714.83 40050 llama-server 0.55
1790290714.83 40051 llama-server 0.55
1790290714.83 40052 llama-server 0.55
1790290714.83 40053 llama-server 0.55
1790290714.83 40054 llama-server 0.55
1790290714.83 40055 llama-server 0.55
1790290715.33 39263 llama-server 0.99
1790290715.84 39263 llama-server 0.99
1790290716.34 39263 llama-server 0.99
1790290716.84 39263 llama-server 0.99
1790290717.35 39263 llama-server 0.99
1790290717.85 39263 llama-server 0.99
1790290718.36 39263 llama-server 0.99
1790290718.86 39263 llama-server 0.99
1790290719.36 39263 llama-server 0.99
1790290719.87 39263 llama-server 1.01
1790290720.37 39263 llama-server 0.99
1790290720.87 39263 llama-server 0.95
1790290721.38 39263 llama-server 0.83
1790290721.38 40025 llama-server 0.56
1790290721.38 40026 llama-server 0.58
1790290721.38 40027 llama-server 0.56
1790290721.38 40028 llama-server 0.58
1790290721.38 40029 llama-server 0.58
1790290721.38 40030 llama-server 0.58
1790290721.38 40031 llama-server 0.58
1790290721.38 40032 llama-server 0.58
1790290721.38 40033 llama-server 0.58
1790290721.38 40034 llama-server 0.58
1790290721.38 40035 llama-server 0.58
1790290721.38 40036 llama-server 0.58
1790290721.38 40037 llama-server 0.58
1790290721.38 40038 llama-server 0.58
1790290721.38 40039 llama-server 0.58
1790290721.38 40040 llama-server 0.58
1790290721.38 40041 llama-server 0.58
1790290721.38 40042 llama-server 0.58
1790290721.38 40043 llama-server 0.58
1790290721.38 40044 llama-server 0.58
1790290721.38 40045 llama-server 0.58
1790290721.38 40046 llama-server 0.58
1790290721.38 40047 llama-server 0.58
1790290721.38 40048 llama-server 0.58
1790290721.38 40049 llama-server 0.58
1790290721.38 40050 llama-server 0.58
1790290721.38 40051 llama-server 0.58
1790290721.38 40052 llama-server 0.58
1790290721.38 40053 llama-server 0.58
1790290721.38 40054 llama-server 0.58
1790290721.38 40055 llama-server 0.58
1790290721.88 39263 llama-server 0.97
1790290721.88 40025 llama-server 0.40
1790290721.88 40026 llama-server 0.40
1790290721.88 40027 llama-server 0.40
1790290721.88 40028 llama-server 0.40
1790290721.88 40029 llama-server 0.40
1790290721.88 40030 llama-server 0.40
1790290721.88 40031 llama-server 0.40
1790290721.88 40032 llama-server 0.40
1790290721.88 40033 llama-server 0.40
1790290721.88 40034 llama-server 0.40
1790290721.88 40035 llama-server 0.40
1790290721.88 40036 llama-server 0.40
1790290721.88 40037 llama-server 0.40
1790290721.88 40038 llama-server 0.40
1790290721.88 40039 llama-server 0.40
1790290721.88 40040 llama-server 0.38
1790290721.88 40041 llama-server 0.40
1790290721.88 40042 llama-server 0.40
1790290721.88 40043 llama-server 0.40
1790290721.88 40044 llama-server 0.38
1790290721.88 40045 llama-server 0.40
1790290721.88 40046 llama-server 0.40
1790290721.88 40047 llama-server 0.38
1790290721.88 40048 llama-server 0.38
1790290721.88 40049 llama-server 0.40
1790290721.88 40050 llama-server 0.38
1790290721.88 40051 llama-server 0.38
1790290721.88 40052 llama-server 0.38
1790290721.88 40053 llama-server 0.38
1790290721.88 40054 llama-server 0.38
1790290721.88 40055 llama-server 0.38
1790290722.39 39263 llama-server 1.01
1790290722.89 39263 llama-server 0.99
1790290723.39 39263 llama-server 0.97
1790290723.90 39263 llama-server 0.99
1790290724.40 39263 llama-server 0.99
1790290724.91 39263 llama-server 0.99
1790290725.41 39263 llama-server 0.99
1790290725.91 39263 llama-server 0.99
1790290726.42 39263 llama-server 0.99
1790290726.92 39263 llama-server 0.99
1790290727.42 39263 llama-server 0.58
1790290727.42 40025 llama-server 0.26
1790290727.42 40026 llama-server 0.26
1790290727.42 40027 llama-server 0.26
1790290727.42 40028 llama-server 0.26
1790290727.42 40029 llama-server 0.26
1790290727.42 40030 llama-server 0.26
1790290727.42 40031 llama-server 0.26
1790290727.42 40032 llama-server 0.26
1790290727.42 40033 llama-server 0.26
1790290727.42 40034 llama-server 0.26
1790290727.42 40035 llama-server 0.26
1790290727.42 40036 llama-server 0.26
1790290727.42 40037 llama-server 0.26
1790290727.42 40038 llama-server 0.26
1790290727.42 40039 llama-server 0.26
1790290727.42 40040 llama-server 0.28
1790290727.42 40041 llama-server 0.26
1790290727.42 40042 llama-server 0.26
1790290727.42 40043 llama-server 0.26
1790290727.42 40044 llama-server 0.28
1790290727.42 40045 llama-server 0.26
1790290727.42 40046 llama-server 0.26
1790290727.42 40047 llama-server 0.28
1790290727.42 40048 llama-server 0.28
1790290727.42 40049 llama-server 0.26
1790290727.42 40050 llama-server 0.28
1790290727.42 40051 llama-server 0.28
1790290727.42 40052 llama-server 0.28
1790290727.42 40053 llama-server 0.28
1790290727.42 40054 llama-server 0.28
1790290727.42 40055 llama-server 0.28
1790290727.93 39263 llama-server 0.99
1790290727.93 40025 llama-server 0.46
1790290727.93 40026 llama-server 0.46
1790290727.93 40027 llama-server 0.46
1790290727.93 40028 llama-server 0.46
1790290727.93 40029 llama-server 0.46
1790290727.93 40030 llama-server 0.46
1790290727.93 40031 llama-server 0.46
1790290727.93 40032 llama-server 0.46
1790290727.93 40033 llama-server 0.46
1790290727.93 40034 llama-server 0.46
1790290727.93 40035 llama-server 0.46
1790290727.93 40036 llama-server 0.46
1790290727.93 40037 llama-server 0.46
1790290727.93 40038 llama-server 0.44
1790290727.93 40039 llama-server 0.46
1790290727.93 40040 llama-server 0.44
1790290727.93 40041 llama-server 0.46
1790290727.93 40042 llama-server 0.44
1790290727.93 40043 llama-server 0.46
1790290727.93 40044 llama-server 0.44
1790290727.93 40045 llama-server 0.46
1790290727.93 40046 llama-server 0.46
1790290727.93 40047 llama-server 0.44
1790290727.93 40048 llama-server 0.44
1790290727.93 40049 llama-server 0.44
1790290727.93 40050 llama-server 0.44
1790290727.93 40051 llama-server 0.44
1790290727.93 40052 llama-server 0.44
1790290727.93 40053 llama-server 0.44
1790290727.93 40054 llama-server 0.44
1790290727.93 40055 llama-server 0.44
1790290728.43 39263 llama-server 0.99
1790290728.94 39263 llama-server 0.99
1790290729.44 39263 llama-server 0.99
1790290729.94 39263 llama-server 0.99
1790290730.45 39263 llama-server 0.99
1790290730.95 39263 llama-server 0.99
1790290731.45 39263 llama-server 0.99
1790290731.96 39263 llama-server 0.99
1790290732.46 39263 llama-server 0.99
1790290732.97 39263 llama-server 0.93
1790290732.97 40025 llama-server 0.22
1790290732.97 40026 llama-server 0.22
1790290732.97 40027 llama-server 0.22
1790290732.97 40028 llama-server 0.22
1790290732.97 40029 llama-server 0.22
1790290732.97 40030 llama-server 0.22
1790290732.97 40031 llama-server 0.22
1790290732.97 40032 llama-server 0.22
1790290732.97 40033 llama-server 0.22
1790290732.97 40034 llama-server 0.22
1790290732.97 40035 llama-server 0.22
1790290732.97 40036 llama-server 0.22
1790290732.97 40037 llama-server 0.22
1790290732.97 40038 llama-server 0.24
1790290732.97 40039 llama-server 0.22
1790290732.97 40040 llama-server 0.22
1790290732.97 40041 llama-server 0.22
1790290732.97 40042 llama-server 0.22
1790290732.97 40043 llama-server 0.22
1790290732.97 40044 llama-server 0.24
1790290732.97 40045 llama-server 0.22
1790290732.97 40046 llama-server 0.22
1790290732.97 40047 llama-server 0.22
1790290732.97 40048 llama-server 0.24
1790290732.97 40049 llama-server 0.24
1790290732.97 40050 llama-server 0.22
1790290732.97 40051 llama-server 0.22
1790290732.97 40052 llama-server 0.24
1790290732.97 40053 llama-server 0.24
1790290732.97 40054 llama-server 0.24
1790290732.97 40055 llama-server 0.24
1790290733.47 39263 llama-server 1.01
1790290733.47 40025 llama-server 0.48
1790290733.47 40026 llama-server 0.48
1790290733.47 40027 llama-server 0.48
1790290733.47 40028 llama-server 0.48
1790290733.47 40029 llama-server 0.48
1790290733.47 40030 llama-server 0.48
1790290733.47 40031 llama-server 0.48
1790290733.47 40032 llama-server 0.48
1790290733.47 40033 llama-server 0.48
1790290733.47 40034 llama-server 0.48
1790290733.47 40035 llama-server 0.48
1790290733.47 40036 llama-server 0.48
1790290733.47 40037 llama-server 0.48
1790290733.47 40038 llama-server 0.48
1790290733.47 40039 llama-server 0.48
1790290733.47 40040 llama-server 0.50
1790290733.47 40041 llama-server 0.48
1790290733.47 40042 llama-server 0.50
1790290733.47 40043 llama-server 0.48
1790290733.47 40044 llama-server 0.48
1790290733.47 40045 llama-server 0.48
1790290733.47 40046 llama-server 0.48
1790290733.47 40047 llama-server 0.50
1790290733.47 40048 llama-server 0.48
1790290733.47 40049 llama-server 0.48
1790290733.47 40050 llama-server 0.50
1790290733.47 40051 llama-server 0.50
1790290733.47 40052 llama-server 0.48
1790290733.47 40053 llama-server 0.48
1790290733.47 40054 llama-server 0.48
1790290733.47 40055 llama-server 0.48
1790290733.97 39263 llama-server 0.97
1790290734.48 39263 llama-server 0.99
1790290734.98 39263 llama-server 0.99
1790290735.49 39263 llama-server 0.99
1790290735.99 39263 llama-server 0.99
1790290736.49 39263 llama-server 0.99
1790290737.00 39263 llama-server 0.99
1790290737.50 39263 llama-server 0.99
1790290738.00 39263 llama-server 0.99
1790290738.51 39263 llama-server 0.81
1790290739.01 39263 llama-server 0.71
1790290739.01 40025 llama-server 0.69
1790290739.01 40026 llama-server 0.69
1790290739.01 40027 llama-server 0.69
1790290739.01 40028 llama-server 0.69
1790290739.01 40029 llama-server 0.69
1790290739.01 40030 llama-server 0.69
1790290739.01 40031 llama-server 0.69
1790290739.01 40032 llama-server 0.69
1790290739.01 40033 llama-server 0.69
1790290739.01 40034 llama-server 0.69
1790290739.01 40035 llama-server 0.69
1790290739.01 40036 llama-server 0.69
1790290739.01 40037 llama-server 0.69
1790290739.01 40038 llama-server 0.69
1790290739.01 40039 llama-server 0.69
1790290739.01 40040 llama-server 0.69
1790290739.01 40041 llama-server 0.69
1790290739.01 40042 llama-server 0.69
1790290739.01 40043 llama-server 0.69
1790290739.01 40044 llama-server 0.69
1790290739.01 40045 llama-server 0.69
1790290739.01 40046 llama-server 0.69
1790290739.01 40047 llama-server 0.69
1790290739.01 40048 llama-server 0.69
1790290739.01 40049 llama-server 0.69
1790290739.01 40050 llama-server 0.69
1790290739.01 40051 llama-server 0.69
1790290739.01 40052 llama-server 0.69
1790290739.01 40053 llama-server 0.69
1790290739.01 40054 llama-server 0.69
1790290739.01 40055 llama-server 0.69
1790290739.52 39263 llama-server 0.99
1790290740.02 39263 llama-server 0.99
1790290740.52 39263 llama-server 0.99
1790290741.03 39263 llama-server 0.99
1790290741.53 39263 llama-server 0.99
1790290742.04 39263 llama-server 0.99
1790290742.54 39263 llama-server 0.99
1790290743.04 39263 llama-server 0.99
1790290743.55 39263 llama-server 0.97
1790290744.05 39263 llama-server 0.99
1790290744.55 39263 llama-server 0.97
1790290744.55 40025 llama-server 0.66
1790290744.55 40026 llama-server 0.66
1790290744.55 40027 llama-server 0.66
1790290744.55 40028 llama-server 0.66
1790290744.55 40029 llama-server 0.66
1790290744.55 40030 llama-server 0.66
1790290744.55 40031 llama-server 0.66
1790290744.55 40032 llama-server 0.66
1790290744.55 40033 llama-server 0.66
1790290744.55 40034 llama-server 0.66
1790290744.55 40035 llama-server 0.66
1790290744.55 40036 llama-server 0.66
1790290744.55 40037 llama-server 0.66
1790290744.55 40038 llama-server 0.66
1790290744.55 40039 llama-server 0.66
1790290744.55 40040 llama-server 0.66
1790290744.55 40041 llama-server 0.66
1790290744.55 40042 llama-server 0.66
1790290744.55 40043 llama-server 0.66
1790290744.55 40044 llama-server 0.66
1790290744.55 40045 llama-server 0.66
1790290744.55 40046 llama-server 0.66
1790290744.55 40047 llama-server 0.64
1790290744.55 40048 llama-server 0.66
1790290744.55 40049 llama-server 0.66
1790290744.55 40050 llama-server 0.64
1790290744.55 40051 llama-server 0.66
1790290744.55 40052 llama-server 0.66
1790290744.55 40053 llama-server 0.66
1790290744.55 40054 llama-server 0.66
1790290744.55 40055 llama-server 0.66
1790290745.06 39263 llama-server 1.01
1790290745.56 39263 llama-server 0.99
1790290746.07 39263 llama-server 0.99
1790290746.57 39263 llama-server 0.97
1790290747.07 39263 llama-server 0.99
1790290747.58 39263 llama-server 0.99
1790290748.08 39263 llama-server 0.99
1790290748.59 39263 llama-server 1.01
1790290749.09 39263 llama-server 0.99
1790290749.59 39263 llama-server 0.99
1790290750.10 39263 llama-server 0.44
1790290750.60 39263 llama-server 1.00
1790290751.10 39263 llama-server 1.00
1790290751.60 39263 llama-server 1.00
1790290752.10 39263 llama-server 1.00
1790290752.61 39263 llama-server 1.00
1790290753.11 39263 llama-server 1.00
1790290753.61 39263 llama-server 1.00
1790290754.11 39263 llama-server 1.00
1790290754.61 39263 llama-server 1.00
1790290755.11 39263 llama-server 1.00
1790290755.62 39263 llama-server 1.00
1790290756.12 39263 llama-server 1.00
1790290756.62 39263 llama-server 1.00
1790290757.12 39263 llama-server 1.00
1790290757.62 39263 llama-server 0.28
