1790290480.48 36830 llama-server 0.72
1790290480.98 36830 llama-server 0.99
1790290480.98 37597 llama-server 0.73
1790290480.98 37598 llama-server 0.73
1790290480.98 37599 llama-server 0.73
1790290480.98 37600 llama-server 0.73
1790290480.98 37601 llama-server 0.73
1790290480.98 37602 llama-server 0.73
1790290480.98 37603 llama-server 0.73
1790290480.98 37604 llama-server 0.73
1790290480.98 37605 llama-server 0.73
1790290480.98 37606 llama-server 0.73
1790290480.98 37607 llama-server 0.73
1790290480.98 37608 llama-server 0.73
1790290480.98 37609 llama-server 0.73
1790290480.98 37610 llama-server 0.73
1790290480.98 37611 llama-server 0.73
1790290480.98 37612 llama-server 0.73
1790290480.98 37613 llama-server 0.73
1790290480.98 37614 llama-server 0.73
1790290480.98 37615 llama-server 0.73
1790290480.98 37616 llama-server 0.73
1790290480.98 37617 llama-server 0.73
1790290480.98 37618 llama-server 0.73
1790290480.98 37619 llama-server 0.73
1790290480.98 37620 llama-server 0.73
1790290480.98 37621 llama-server 0.73
1790290480.98 37622 llama-server 0.73
1790290480.98 37623 llama-server 0.73
1790290480.98 37624 llama-server 0.73
1790290480.98 37625 llama-server 0.73
1790290480.98 37626 llama-server 0.73
1790290480.98 37627 llama-server 0.73
1790290481.49 36830 llama-server 0.97
1790290481.49 37597 llama-server 0.24
1790290481.49 37598 llama-server 0.24
1790290481.49 37599 llama-server 0.24
1790290481.49 37600 llama-server 0.24
1790290481.49 37601 llama-server 0.24
1790290481.49 37602 llama-server 0.22
1790290481.49 37603 llama-server 0.24
1790290481.49 37604 llama-server 0.24
1790290481.49 37605 llama-server 0.22
1790290481.49 37606 llama-server 0.24
1790290481.49 37607 llama-server 0.22
1790290481.49 37608 llama-server 0.22
1790290481.49 37609 llama-server 0.22
1790290481.49 37610 llama-server 0.22
1790290481.49 37611 llama-server 0.24
1790290481.49 37612 llama-server 0.22
1790290481.49 37613 llama-server 0.22
1790290481.49 37614 llama-server 0.22
1790290481.49 37615 llama-server 0.22
1790290481.49 37616 llama-server 0.22
1790290481.49 37617 llama-server 0.22
1790290481.49 37618 llama-server 0.22
1790290481.49 37619 llama-server 0.22
1790290481.49 37620 llama-server 0.22
1790290481.49 37621 llama-server 0.22
1790290481.49 37622 llama-server 0.22
1790290481.49 37623 llama-server 0.22
1790290481.49 37624 llama-server 0.22
1790290481.49 37625 llama-server 0.22
1790290481.49 37626 llama-server 0.22
1790290481.49 37627 llama-server 0.22
1790290481.99 36830 llama-server 0.99
1790290482.50 36830 llama-server 0.99
1790290483.00 36830 llama-server 1.01
1790290483.51 36830 llama-server 0.99
1790290484.01 36830 llama-server 0.99
1790290484.51 36830 llama-server 0.99
1790290485.02 36830 llama-server 0.99
1790290485.52 36830 llama-server 0.99
1790290486.03 36830 llama-server 0.99
1790290486.53 36830 llama-server 0.99
1790290487.03 36830 llama-server 0.99
1790290487.54 36830 llama-server 0.99
1790290488.04 36830 llama-server 0.77
1790290488.55 36830 llama-server 1.01
1790290488.55 37597 llama-server 0.79
1790290488.55 37598 llama-server 0.79
1790290488.55 37599 llama-server 0.79
1790290488.55 37600 llama-server 0.79
1790290488.55 37601 llama-server 0.79
1790290488.55 37602 llama-server 0.77
1790290488.55 37603 llama-server 0.79
1790290488.55 37604 llama-server 0.79
1790290488.55 37605 llama-server 0.79
1790290488.55 37606 llama-server 0.79
1790290488.55 37607 llama-server 0.79
1790290488.55 37608 llama-server 0.79
1790290488.55 37609 llama-server 0.79
1790290488.55 37610 llama-server 0.77
1790290488.55 37611 llama-server 0.79
1790290488.55 37612 llama-server 0.79
1790290488.55 37613 llama-server 0.77
1790290488.55 37614 llama-server 0.79
1790290488.55 37615 llama-server 0.77
1790290488.55 37616 llama-server 0.77
1790290488.55 37617 llama-server 0.79
1790290488.55 37618 llama-server 0.77
1790290488.55 37619 llama-server 0.77
1790290488.55 37620 llama-server 0.79
1790290488.55 37621 llama-server 0.77
1790290488.55 37622 llama-server 0.77
1790290488.55 37623 llama-server 0.77
1790290488.55 37624 llama-server 0.77
1790290488.55 37625 llama-server 0.79
1790290488.55 37626 llama-server 0.77
1790290488.55 37627 llama-server 0.77
1790290489.05 36830 llama-server 1.01
1790290489.56 36830 llama-server 0.99
1790290490.06 36830 llama-server 0.99
1790290490.56 36830 llama-server 0.97
1790290491.07 36830 llama-server 1.01
1790290491.57 36830 llama-server 0.97
1790290492.07 36830 llama-server 0.99
1790290492.58 36830 llama-server 0.99
1790290493.08 36830 llama-server 0.99
1790290493.59 36830 llama-server 0.99
1790290494.09 36830 llama-server 0.48
1790290494.09 37597 llama-server 0.28
1790290494.09 37598 llama-server 0.28
1790290494.09 37599 llama-server 0.28
1790290494.09 37600 llama-server 0.28
1790290494.09 37601 llama-server 0.28
1790290494.09 37602 llama-server 0.30
1790290494.09 37603 llama-server 0.28
1790290494.09 37604 llama-server 0.28
1790290494.09 37605 llama-server 0.28
1790290494.09 37606 llama-server 0.28
1790290494.09 37607 llama-server 0.28
1790290494.09 37608 llama-server 0.28
1790290494.09 37609 llama-server 0.28
1790290494.09 37610 llama-server 0.30
1790290494.09 37611 llama-server 0.28
1790290494.09 37612 llama-server 0.28
1790290494.09 37613 llama-server 0.30
1790290494.09 37614 llama-server 0.28
1790290494.09 37615 llama-server 0.30
1790290494.09 37616 llama-server 0.30
1790290494.09 37617 llama-server 0.28
1790290494.09 37618 llama-server 0.30
1790290494.09 37619 llama-server 0.30
1790290494.09 37620 llama-server 0.28
1790290494.09 37621 llama-server 0.30
1790290494.09 37622 llama-server 0.30
1790290494.09 37623 llama-server 0.30
1790290494.09 37624 llama-server 0.30
1790290494.09 37625 llama-server 0.28
1790290494.09 37626 llama-server 0.30
1790290494.09 37627 llama-server 0.30
1790290494.59 36830 llama-server 0.99
1790290494.59 37597 llama-server 0.44
1790290494.59 37598 llama-server 0.44
1790290494.59 37599 llama-server 0.44
1790290494.59 37600 llama-server 0.44
1790290494.59 37601 llama-server 0.44
1790290494.59 37602 llama-server 0.44
1790290494.59 37603 llama-server 0.44
1790290494.59 37604 llama-server 0.44
1790290494.59 37605 llama-server 0.44
1790290494.59 37606 llama-server 0.44
1790290494.59 37607 llama-server 0.44
1790290494.59 37608 llama-server 0.44
1790290494.59 37609 llama-server 0.44
1790290494.59 37610 llama-server 0.44
1790290494.59 37611 llama-server 0.44
1790290494.59 37612 llama-server 0.44
1790290494.59 37613 llama-server 0.44
1790290494.59 37614 llama-server 0.44
1790290494.59 37615 llama-server 0.44
1790290494.59 37616 llama-server 0.44
1790290494.59 37617 llama-server 0.44
1790290494.59 37618 llama-server 0.44
1790290494.59 37619 llama-server 0.44
1790290494.59 37620 llama-server 0.44
1790290494.59 37621 llama-server 0.42
1790290494.59 37622 llama-server 0.44
1790290494.59 37623 llama-server 0.42
1790290494.59 37624 llama-server 0.42
1790290494.59 37625 llama-server 0.44
1790290494.59 37626 llama-server 0.42
1790290494.59 37627 llama-server 0.44
1790290495.10 36830 llama-server 0.99
1790290495.60 36830 llama-server 0.99
1790290496.11 36830 llama-server 0.99
1790290496.61 36830 llama-server 0.99
1790290497.11 36830 llama-server 0.99
1790290497.62 36830 llama-server 0.99
1790290498.12 36830 llama-server 0.99
1790290498.63 36830 llama-server 0.99
1790290499.13 36830 llama-server 0.99
1790290499.63 36830 llama-server 0.93
1790290499.63 37597 llama-server 0.24
1790290499.63 37598 llama-server 0.26
1790290499.63 37599 llama-server 0.24
1790290499.63 37600 llama-server 0.24
1790290499.63 37601 llama-server 0.24
1790290499.63 37602 llama-server 0.24
1790290499.63 37603 llama-server 0.24
1790290499.63 37604 llama-server 0.24
1790290499.63 37605 llama-server 0.24
1790290499.63 37606 llama-server 0.24
1790290499.63 37607 llama-server 0.24
1790290499.63 37608 llama-server 0.24
1790290499.63 37609 llama-server 0.24
1790290499.63 37610 llama-server 0.24
1790290499.63 37611 llama-server 0.26
1790290499.63 37612 llama-server 0.24
1790290499.63 37613 llama-server 0.24
1790290499.63 37614 llama-server 0.26
1790290499.63 37615 llama-server 0.24
1790290499.63 37616 llama-server 0.24
1790290499.63 37617 llama-server 0.24
1790290499.63 37618 llama-server 0.24
1790290499.63 37619 llama-server 0.24
1790290499.63 37620 llama-server 0.24
1790290499.63 37621 llama-server 0.26
1790290499.63 37622 llama-server 0.24
1790290499.63 37623 llama-server 0.26
1790290499.63 37624 llama-server 0.26
1790290499.63 37625 llama-server 0.24
1790290499.63 37626 llama-server 0.26
1790290499.63 37627 llama-server 0.24
1790290500.14 36830 llama-server 1.01
1790290500.14 37597 llama-server 0.48
1790290500.14 37598 llama-server 0.46
1790290500.14 37599 llama-server 0.48
1790290500.14 37600 llama-server 0.48
1790290500.14 37601 llama-server 0.48
1790290500.14 37602 llama-server 0.48
1790290500.14 37603 llama-server 0.48
1790290500.14 37604 llama-server 0.48
1790290500.14 37605 llama-server 0.48
1790290500.14 37606 llama-server 0.48
1790290500.14 37607 llama-server 0.48
1790290500.14 37608 llama-server 0.48
1790290500.14 37609 llama-server 0.48
1790290500.14 37610 llama-server 0.48
1790290500.14 37611 llama-server 0.46
1790290500.14 37612 llama-server 0.48
1790290500.14 37613 llama-server 0.48
1790290500.14 37614 llama-server 0.46
1790290500.14 37615 llama-server 0.48
1790290500.14 37616 llama-server 0.48
1790290500.14 37617 llama-server 0.48
1790290500.14 37618 llama-server 0.48
1790290500.14 37619 llama-server 0.48
1790290500.14 37620 llama-server 0.48
1790290500.14 37621 llama-server 0.48
1790290500.14 37622 llama-server 0.48
1790290500.14 37623 llama-server 0.46
1790290500.14 37624 llama-server 0.46
1790290500.14 37625 llama-server 0.48
1790290500.14 37626 llama-server 0.46
1790290500.14 37627 llama-server 0.48
1790290500.64 36830 llama-server 0.99
1790290501.15 36830 llama-server 0.99
1790290501.65 36830 llama-server 0.99
1790290502.15 36830 llama-server 0.99
1790290502.66 36830 llama-server 0.99
1790290503.16 36830 llama-server 0.99
1790290503.67 36830 llama-server 0.99
1790290504.17 36830 llama-server 0.99
1790290504.67 36830 llama-server 0.99
1790290505.18 36830 llama-server 0.93
1790290505.18 37597 llama-server 0.22
1790290505.18 37598 llama-server 0.22
1790290505.18 37599 llama-server 0.22
1790290505.18 37600 llama-server 0.22
1790290505.18 37601 llama-server 0.22
1790290505.18 37602 llama-server 0.22
1790290505.18 37603 llama-server 0.22
1790290505.18 37604 llama-server 0.22
1790290505.18 37605 llama-server 0.22
1790290505.18 37606 llama-server 0.22
1790290505.18 37607 llama-server 0.22
1790290505.18 37608 llama-server 0.22
1790290505.18 37609 llama-server 0.22
1790290505.18 37610 llama-server 0.22
1790290505.18 37611 llama-server 0.22
1790290505.18 37612 llama-server 0.22
1790290505.18 37613 llama-server 0.22
1790290505.18 37614 llama-server 0.22
1790290505.18 37615 llama-server 0.22
1790290505.18 37616 llama-server 0.22
1790290505.18 37617 llama-server 0.22
1790290505.18 37618 llama-server 0.22
1790290505.18 37619 llama-server 0.22
1790290505.18 37620 llama-server 0.22
1790290505.18 37621 llama-server 0.22
1790290505.18 37622 llama-server 0.22
1790290505.18 37623 llama-server 0.22
1790290505.18 37624 llama-server 0.24
1790290505.18 37625 llama-server 0.22
1790290505.18 37626 llama-server 0.24
1790290505.18 37627 llama-server 0.22
1790290505.68 36830 llama-server 0.99
1790290505.68 37597 llama-server 0.50
1790290505.68 37598 llama-server 0.50
1790290505.68 37599 llama-server 0.50
1790290505.68 37600 llama-server 0.50
1790290505.68 37601 llama-server 0.50
1790290505.68 37602 llama-server 0.50
1790290505.68 37603 llama-server 0.50
1790290505.68 37604 llama-server 0.50
1790290505.68 37605 llama-server 0.50
1790290505.68 37606 llama-server 0.50
1790290505.68 37607 llama-server 0.50
1790290505.68 37608 llama-server 0.50
1790290505.68 37609 llama-server 0.50
1790290505.68 37610 llama-server 0.50
1790290505.68 37611 llama-server 0.50
1790290505.68 37612 llama-server 0.50
1790290505.68 37613 llama-server 0.48
1790290505.68 37614 llama-server 0.50
1790290505.68 37615 llama-server 0.50
1790290505.68 37616 llama-server 0.50
1790290505.68 37617 llama-server 0.50
1790290505.68 37618 llama-server 0.50
1790290505.68 37619 llama-server 0.50
1790290505.68 37620 llama-server 0.50
1790290505.68 37621 llama-server 0.48
1790290505.68 37622 llama-server 0.50
1790290505.68 37623 llama-server 0.50
1790290505.68 37624 llama-server 0.48
1790290505.68 37625 llama-server 0.50
1790290505.68 37626 llama-server 0.48
1790290505.68 37627 llama-server 0.50
1790290506.19 36830 llama-server 0.99
1790290506.69 36830 llama-server 0.99
1790290507.19 36830 llama-server 0.99
1790290507.70 36830 llama-server 0.99
1790290508.20 36830 llama-server 0.99
1790290508.71 36830 llama-server 0.99
1790290509.21 36830 llama-server 0.99
1790290509.71 36830 llama-server 0.99
1790290510.22 36830 llama-server 0.99
1790290510.72 36830 llama-server 0.95
1790290511.23 36830 llama-server 0.99
1790290511.23 37597 llama-server 0.54
1790290511.23 37598 llama-server 0.54
1790290511.23 37599 llama-server 0.54
1790290511.23 37600 llama-server 0.54
1790290511.23 37601 llama-server 0.54
1790290511.23 37602 llama-server 0.54
1790290511.23 37603 llama-server 0.54
1790290511.23 37604 llama-server 0.54
1790290511.23 37605 llama-server 0.54
1790290511.23 37606 llama-server 0.54
1790290511.23 37607 llama-server 0.54
1790290511.23 37608 llama-server 0.54
1790290511.23 37609 llama-server 0.54
1790290511.23 37610 llama-server 0.54
1790290511.23 37611 llama-server 0.54
1790290511.23 37612 llama-server 0.54
1790290511.23 37613 llama-server 0.54
1790290511.23 37614 llama-server 0.54
1790290511.23 37615 llama-server 0.54
1790290511.23 37616 llama-server 0.54
1790290511.23 37617 llama-server 0.54
1790290511.23 37618 llama-server 0.54
1790290511.23 37619 llama-server 0.54
1790290511.23 37620 llama-server 0.54
1790290511.23 37621 llama-server 0.54
1790290511.23 37622 llama-server 0.54
1790290511.23 37623 llama-server 0.54
1790290511.23 37624 llama-server 0.54
1790290511.23 37625 llama-server 0.54
1790290511.23 37626 llama-server 0.54
1790290511.23 37627 llama-server 0.54
1790290511.73 36830 llama-server 0.99
1790290512.24 36830 llama-server 0.99
1790290512.74 36830 llama-server 0.99
1790290513.24 36830 llama-server 0.99
1790290513.75 36830 llama-server 0.97
1790290514.25 36830 llama-server 0.99
1790290514.75 36830 llama-server 0.99
1790290515.26 36830 llama-server 0.99
1790290515.76 36830 llama-server 0.99
1790290516.27 36830 llama-server 0.91
1790290516.77 36830 llama-server 1.00
1790290517.27 36830 llama-server 1.00
1790290517.77 36830 llama-server 1.00
1790290518.27 36830 llama-server 1.00
1790290518.77 36830 llama-server 1.00
1790290519.28 36830 llama-server 1.00
1790290519.78 36830 llama-server 1.00
1790290520.28 36830 llama-server 1.00
1790290520.78 36830 llama-server 1.00
1790290521.28 36830 llama-server 1.00
1790290521.79 36830 llama-server 1.00
1790290522.29 36830 llama-server 1.00
1790290522.79 36830 llama-server 1.00
1790290523.29 36830 llama-server 1.00
