1790290596.05 37977 llama-server 0.78
1790290596.55 37977 llama-server 1.01
1790290596.55 38829 llama-server 0.69
1790290596.55 38830 llama-server 0.69
1790290596.55 38831 llama-server 0.69
1790290596.55 38832 llama-server 0.69
1790290596.55 38833 llama-server 0.69
1790290596.55 38834 llama-server 0.69
1790290596.55 38835 llama-server 0.69
1790290596.55 38836 llama-server 0.69
1790290596.55 38837 llama-server 0.69
1790290596.55 38838 llama-server 0.69
1790290596.55 38839 llama-server 0.69
1790290596.55 38840 llama-server 0.69
1790290596.55 38841 llama-server 0.69
1790290596.55 38842 llama-server 0.69
1790290596.55 38843 llama-server 0.69
1790290596.55 38844 llama-server 0.69
1790290596.55 38845 llama-server 0.69
1790290596.55 38846 llama-server 0.69
1790290596.55 38847 llama-server 0.69
1790290596.55 38848 llama-server 0.69
1790290596.55 38849 llama-server 0.69
1790290596.55 38850 llama-server 0.69
1790290596.55 38851 llama-server 0.69
1790290596.55 38852 llama-server 0.69
1790290596.55 38853 llama-server 0.69
1790290596.55 38854 llama-server 0.69
1790290596.55 38855 llama-server 0.67
1790290596.55 38856 llama-server 0.69
1790290596.55 38857 llama-server 0.67
1790290596.55 38858 llama-server 0.67
1790290596.55 38859 llama-server 0.67
1790290597.06 37977 llama-server 0.99
1790290597.56 37977 llama-server 0.99
1790290598.07 37977 llama-server 0.99
1790290598.57 37977 llama-server 0.99
1790290599.07 37977 llama-server 0.99
1790290599.58 37977 llama-server 1.01
1790290600.08 37977 llama-server 0.99
1790290600.59 37977 llama-server 0.99
1790290601.09 37977 llama-server 0.99
1790290601.59 37977 llama-server 0.99
1790290602.10 37977 llama-server 0.99
1790290602.60 37977 llama-server 0.99
1790290603.10 37977 llama-server 0.46
1790290603.61 37977 llama-server 1.01
1790290603.61 38829 llama-server 0.79
1790290603.61 38830 llama-server 0.77
1790290603.61 38831 llama-server 0.77
1790290603.61 38832 llama-server 0.79
1790290603.61 38833 llama-server 0.77
1790290603.61 38834 llama-server 0.77
1790290603.61 38835 llama-server 0.77
1790290603.61 38836 llama-server 0.77
1790290603.61 38837 llama-server 0.77
1790290603.61 38838 llama-server 0.77
1790290603.61 38839 llama-server 0.77
1790290603.61 38840 llama-server 0.77
1790290603.61 38841 llama-server 0.77
1790290603.61 38842 llama-server 0.77
1790290603.61 38843 llama-server 0.77
1790290603.61 38844 llama-server 0.77
1790290603.61 38845 llama-server 0.77
1790290603.61 38846 llama-server 0.77
1790290603.61 38847 llama-server 0.77
1790290603.61 38848 llama-server 0.77
1790290603.61 38849 llama-server 0.77
1790290603.61 38850 llama-server 0.77
1790290603.61 38851 llama-server 0.77
1790290603.61 38852 llama-server 0.77
1790290603.61 38853 llama-server 0.77
1790290603.61 38854 llama-server 0.77
1790290603.61 38855 llama-server 0.79
1790290603.61 38856 llama-server 0.77
1790290603.61 38857 llama-server 0.79
1790290603.61 38858 llama-server 0.79
1790290603.61 38859 llama-server 0.79
1790290604.11 37977 llama-server 0.99
1790290604.62 37977 llama-server 0.99
1790290605.12 37977 llama-server 0.99
1790290605.63 37977 llama-server 0.99
1790290606.13 37977 llama-server 0.99
1790290606.63 37977 llama-server 0.99
1790290607.14 37977 llama-server 0.99
1790290607.64 37977 llama-server 0.99
1790290608.14 37977 llama-server 0.97
1790290608.65 37977 llama-server 0.99
1790290609.15 37977 llama-server 0.95
1790290609.66 37977 llama-server 0.77
1790290609.66 38829 llama-server 0.73
1790290609.66 38830 llama-server 0.73
1790290609.66 38831 llama-server 0.73
1790290609.66 38832 llama-server 0.73
1790290609.66 38833 llama-server 0.73
1790290609.66 38834 llama-server 0.73
1790290609.66 38835 llama-server 0.73
1790290609.66 38836 llama-server 0.73
1790290609.66 38837 llama-server 0.73
1790290609.66 38838 llama-server 0.73
1790290609.66 38839 llama-server 0.73
1790290609.66 38840 llama-server 0.73
1790290609.66 38841 llama-server 0.73
1790290609.66 38842 llama-server 0.73
1790290609.66 38843 llama-server 0.73
1790290609.66 38844 llama-server 0.73
1790290609.66 38845 llama-server 0.73
1790290609.66 38846 llama-server 0.73
1790290609.66 38847 llama-server 0.73
1790290609.66 38848 llama-server 0.73
1790290609.66 38849 llama-server 0.73
1790290609.66 38850 llama-server 0.73
1790290609.66 38851 llama-server 0.73
1790290609.66 38852 llama-server 0.73
1790290609.66 38853 llama-server 0.73
1790290609.66 38854 llama-server 0.73
1790290609.66 38855 llama-server 0.73
1790290609.66 38856 llama-server 0.73
1790290609.66 38857 llama-server 0.73
1790290609.66 38858 llama-server 0.73
1790290609.66 38859 llama-server 0.73
1790290610.16 37977 llama-server 0.99
1790290610.66 37977 llama-server 0.99
1790290611.17 37977 llama-server 0.99
1790290611.67 37977 llama-server 0.99
1790290612.17 37977 llama-server 0.97
1790290612.68 37977 llama-server 0.99
1790290613.18 37977 llama-server 0.99
1790290613.69 37977 llama-server 0.99
1790290614.19 37977 llama-server 0.99
1790290614.69 37977 llama-server 0.99
1790290615.20 37977 llama-server 0.56
1790290615.20 38839 llama-server 0.22
1790290615.20 38853 llama-server 0.22
1790290615.20 38855 llama-server 0.22
1790290615.20 38857 llama-server 0.22
1790290615.20 38858 llama-server 0.22
1790290615.20 38859 llama-server 0.22
1790290615.70 37977 llama-server 1.01
1790290615.70 38829 llama-server 0.54
1790290615.70 38830 llama-server 0.52
1790290615.70 38831 llama-server 0.52
1790290615.70 38832 llama-server 0.54
1790290615.70 38833 llama-server 0.52
1790290615.70 38834 llama-server 0.52
1790290615.70 38835 llama-server 0.52
1790290615.70 38836 llama-server 0.52
1790290615.70 38837 llama-server 0.52
1790290615.70 38838 llama-server 0.52
1790290615.70 38839 llama-server 0.52
1790290615.70 38840 llama-server 0.52
1790290615.70 38841 llama-server 0.52
1790290615.70 38842 llama-server 0.52
1790290615.70 38843 llama-server 0.52
1790290615.70 38844 llama-server 0.52
1790290615.70 38845 llama-server 0.52
1790290615.70 38846 llama-server 0.52
1790290615.70 38847 llama-server 0.52
1790290615.70 38848 llama-server 0.52
1790290615.70 38849 llama-server 0.52
1790290615.70 38850 llama-server 0.52
1790290615.70 38851 llama-server 0.52
1790290615.70 38852 llama-server 0.52
1790290615.70 38853 llama-server 0.52
1790290615.70 38854 llama-server 0.52
1790290615.70 38855 llama-server 0.52
1790290615.70 38856 llama-server 0.52
1790290615.70 38857 llama-server 0.52
1790290615.70 38858 llama-server 0.52
1790290615.70 38859 llama-server 0.52
1790290616.21 37977 llama-server 0.99
1790290616.71 37977 llama-server 0.99
1790290617.21 37977 llama-server 0.99
1790290617.72 37977 llama-server 0.99
1790290618.22 37977 llama-server 0.99
1790290618.72 37977 llama-server 0.99
1790290619.23 37977 llama-server 0.99
1790290619.73 37977 llama-server 0.99
1790290620.24 37977 llama-server 0.97
1790290620.74 37977 llama-server 0.79
1790290621.24 37977 llama-server 0.71
1790290621.24 38829 llama-server 0.67
1790290621.24 38830 llama-server 0.69
1790290621.24 38831 llama-server 0.69
1790290621.24 38832 llama-server 0.67
1790290621.24 38833 llama-server 0.69
1790290621.24 38834 llama-server 0.69
1790290621.24 38835 llama-server 0.69
1790290621.24 38836 llama-server 0.69
1790290621.24 38837 llama-server 0.69
1790290621.24 38838 llama-server 0.69
1790290621.24 38839 llama-server 0.67
1790290621.24 38840 llama-server 0.67
1790290621.24 38841 llama-server 0.69
1790290621.24 38842 llama-server 0.69
1790290621.24 38843 llama-server 0.69
1790290621.24 38844 llama-server 0.69
1790290621.24 38845 llama-server 0.69
1790290621.24 38846 llama-server 0.69
1790290621.24 38847 llama-server 0.69
1790290621.24 38848 llama-server 0.69
1790290621.24 38849 llama-server 0.69
1790290621.24 38850 llama-server 0.69
1790290621.24 38851 llama-server 0.69
1790290621.24 38852 llama-server 0.69
1790290621.24 38853 llama-server 0.67
1790290621.24 38854 llama-server 0.69
1790290621.24 38855 llama-server 0.67
1790290621.24 38856 llama-server 0.69
1790290621.24 38857 llama-server 0.67
1790290621.24 38858 llama-server 0.67
1790290621.24 38859 llama-server 0.67
1790290621.75 37977 llama-server 0.99
1790290622.25 37977 llama-server 0.97
1790290622.76 37977 llama-server 0.99
1790290623.26 37977 llama-server 0.99
1790290623.76 37977 llama-server 0.99
1790290624.27 37977 llama-server 0.99
1790290624.77 37977 llama-server 0.99
1790290625.27 37977 llama-server 0.99
1790290625.78 37977 llama-server 0.99
1790290626.28 37977 llama-server 0.99
1790290626.79 37977 llama-server 0.93
1790290626.79 38829 llama-server 0.64
1790290626.79 38830 llama-server 0.66
1790290626.79 38831 llama-server 0.66
1790290626.79 38832 llama-server 0.64
1790290626.79 38833 llama-server 0.66
1790290626.79 38834 llama-server 0.66
1790290626.79 38835 llama-server 0.66
1790290626.79 38836 llama-server 0.66
1790290626.79 38837 llama-server 0.66
1790290626.79 38838 llama-server 0.66
1790290626.79 38839 llama-server 0.66
1790290626.79 38840 llama-server 0.66
1790290626.79 38841 llama-server 0.66
1790290626.79 38842 llama-server 0.66
1790290626.79 38843 llama-server 0.66
1790290626.79 38844 llama-server 0.66
1790290626.79 38845 llama-server 0.66
1790290626.79 38846 llama-server 0.66
1790290626.79 38847 llama-server 0.66
1790290626.79 38848 llama-server 0.66
1790290626.79 38849 llama-server 0.66
1790290626.79 38850 llama-server 0.66
1790290626.79 38851 llama-server 0.66
1790290626.79 38852 llama-server 0.66
1790290626.79 38853 llama-server 0.66
1790290626.79 38854 llama-server 0.66
1790290626.79 38855 llama-server 0.66
1790290626.79 38856 llama-server 0.66
1790290626.79 38857 llama-server 0.66
1790290626.79 38858 llama-server 0.66
1790290626.79 38859 llama-server 0.66
1790290627.29 37977 llama-server 0.99
1790290627.79 37977 llama-server 0.99
1790290628.30 37977 llama-server 0.99
1790290628.80 37977 llama-server 0.99
1790290629.31 37977 llama-server 0.99
1790290629.81 37977 llama-server 0.99
1790290630.31 37977 llama-server 0.99
1790290630.82 37977 llama-server 0.99
1790290631.32 37977 llama-server 0.99
1790290631.82 37977 llama-server 0.99
1790290632.33 37977 llama-server 0.99
1790290632.83 37977 llama-server 0.73
1790290633.33 37977 llama-server 1.02
1790290633.84 37977 llama-server 1.00
1790290634.34 37977 llama-server 1.00
1790290634.84 37977 llama-server 1.00
1790290635.34 37977 llama-server 1.00
1790290635.84 37977 llama-server 1.00
1790290636.34 37977 llama-server 1.00
1790290636.85 37977 llama-server 0.98
1790290637.35 37977 llama-server 1.00
1790290637.85 37977 llama-server 1.00
1790290638.35 37977 llama-server 1.00
1790290638.85 37977 llama-server 1.00
1790290639.36 37977 llama-server 1.00
1790290639.86 37977 llama-server 0.98
